353.18
143.15
355.72
144.97
358.25
137.62
357.51
275.48
177.36
209.87
157.01
129.05
177.23
336.06
182.11
349.21
339.77
284.85
340.71
329.62
240.80
128.56
174.57
174.81
342.81
185.49
275.23
189.02
166.83
334.67
219.40
228.70
225.50
170.16
184.29
189.29
238.49
133.26
327.96
234.47
131.67
181.53
191.41
290.52
122.74
131.60
348.89
166.92
291.00
207.49
332.19
308.34
155.99
336.76
305.51
246.02
343.89
220.87
125.80
340.81
126.24
191.12
199.26
165.08
341.21
297.46
214.32
335.42
350.22
347.73
206.41
283.05
129.73
354.41
187.71
321.35
140.03
239.06
232.02
174.23
191.75
185.96
185.82
143.14
286.36
343.62
167.84
200.82
165.09
204.67
178.31
209.16
319.12
161.82
226.05
289.85
248.04
282.06
297.01
229.66
966.12
1340.77
963.12
1453.64
1178.25
879.03
1222.15
1292.94
976.03
1205.18
947.53
1350.46
1271.87
1318.82
1306.97
1298.39
967.42
941.86
1142.37
912.65
1417.79
1363.52
988.39
1162.78
923.18
1389.22
922.18
973.19
869.69
939.45
1278.92
1040.76
1132.58
985.41
1208.47
887.26
1064.67
1234.06
1286.10
1041.34
956.34
1054.78
1124.34
914.77
1138.55
1230.27
1436.44
1361.55
1012.40
1265.26
995.89
1342.48
1079.68
1277.05
1177.68
1013.82
1182.41
1117.06
907.87
940.10
1182.98
796.71
1123.26
996.30
1284.44
1226.87
902.22
925.69
1415.02
678.09
859.70
1056.29
1011.52
1093.29
1156.09
1233.82
1339.21
955.96
857.22
924.33
1306.10
1148.66
1033.66
1431.18
1157.67
1015.10
942.45
1015.20
984.10
1277.46
1372.83
1171.46
1085.83
838.08
782.31
1130.07
1120.04
801.15
814.38
1045.25
1597.15
1346.58
1850.50
1255.60
1141.88
1995.50
1488.71
1170.04
1289.51
1859.88
1169.92
1443.27
1573.53
1385.56
1597.85
1796.17
1381.67
1442.10
1145.98
1532.19
1281.18
1705.34
1830.93
1693.02
1813.92
918.53
1426.67
1413.77
1369.38
1708.95
883.56
1162.32
1527.39
1565.46
1141.06
1622.55
1427.72
1175.84
1674.80
1207.73
1412.20
1118.78
1153.74
1125.18
1568.40
1734.41
1293.86
1890.27
1337.33
1924.90
1507.85
1483.44
1661.99
1366.39
1685.51
1291.74
1060.79
1057.74
1692.83
1458.31
1305.91
1583.85
1575.54
1545.48
1422.82
1673.65
1881.59
1330.61
1746.51
1533.99
1279.97
1484.58
1069.35
1189.19
1035.15
1306.99
1604.49
1284.88
1087.77
1337.18
1446.24
1251.73
1607.23
1617.92
1191.56
1659.19
1660.14
1231.22
1691.52
1298.94
1688.61
1288.13
1430.82
1695.10
1413.88
1131.07
1341.34
1953.93
1335.41
1595.22
1328.81
1105.25
907.87
940.21
947.63
950.20
681.29
1040.21
1044.21
1395.08
790.43
920.24
1003.87
815.86
863.53
1037.88
1156.93
566.53
833.71
715.68
1310.21
962.65
767.95
1142.01
1197.15
787.55
1308.00
1376.04
732.34
1042.41
529.15
625.33
654.15
1518.40
1026.96
967.40
819.39
586.68
1117.30
1471.75
655.25
957.90
1014.70
1314.62
1076.98
894.07
1215.19
584.03
718.86
1216.79
1461.62
1018.41
657.75
1213.45
623.21
697.37
976.33
1097.02
589.07
750.28
807.08
825.09
1493.16
1060.11
556.78
1390.91
1384.35
714.87
712.50
799.22
1195.83
805.69
1104.61
1002.85
1064.18
1189.32
988.74
606.73
748.62
1264.24
850.29
1429.38
895.42
521.11
1115.79
759.66
1513.79
453.15
896.95
1215.48
663.01
1127.01
657.08
951.88
1498.35
1217.95
1132.67
849.33
1224.91
1398.95
1346.61
583.46
1194.27
1246.60
877.78
625.42
1282.71
1082.40
817.82
1366.59
667.59
913.53
1150.77
1100.52
1015.02
876.27
1493.64
552.81
1355.98
511.39
1164.42
619.42
962.09
982.92
993.35
1028.57
1285.47
850.61
592.45
1442.19
621.92
747.64
1107.24
1081.91
754.46
1604.15
958.48
847.34
1059.16
864.12
1176.57
1251.88
602.01
551.99
836.27
1316.18
522.04
1017.73
1447.53
742.55
348.51
361.80
417.21
567.42
870.49
630.91
839.49
849.77
463.54
552.88
879.15
858.68
728.11
691.67
1067.25
500.96
909.69
857.01
895.97
378.24
759.91
752.59
938.98
788.80
719.53
939.72
840.73
1028.98
952.22
450.59
614.64
682.24
363.58
401.60
881.25
677.87
1067.33
791.10
705.23
1081.84
473.02
520.95
482.22
813.95
460.55
383.49
830.03
720.74
903.57
877.99
799.57
775.71
614.79
329.70
809.01
327.89
935.51
587.49
772.66
542.92
730.34
715.94
613.00
447.73
356.17
746.80
793.19
1019.97
745.37
474.00
957.43
877.98
992.42
448.77
524.13
447.03
587.05
580.53
957.56
419.54
622.34
855.34
599.88
649.28
378.55
582.99
1077.73
397.92
939.44
581.71
612.59
789.31
694.98
282.93
469.15
439.85
953.31
980.81
449.10
917.41
1258.14
1073.64
1159.21
1014.21
1086.60
773.93
939.74
1047.69
1087.38
1196.18
1025.02
1213.08
1194.37
991.81
1229.48
1016.16
890.20
862.02
1181.02
982.27
884.35
852.24
1048.73
1076.89
1184.52
1018.52
962.39
935.77
871.89
865.08
893.34
1075.24
874.24
871.83
1090.95
1286.67
1289.81
1130.76
1024.60
1257.02
1016.78
1200.39
1120.26
1036.85
1046.75
1220.90
1220.46
1242.49
947.93
1129.62
943.41
986.03
1118.10
1193.33
846.46
1213.83
1034.48
834.71
921.30
1299.06
1121.38
1121.31
1052.01
1070.98
1220.57
1096.03
1014.15
1160.59
1283.21
921.84
1077.65
743.45
1186.48
787.04
1134.15
1151.89
1302.91
966.54
1067.49
981.31
956.61
968.60
967.22
1250.32
1166.09
985.54
1369.40
1204.86
933.89
1389.36
772.97
1147.91
976.97
1215.65
1241.64
1047.79
909.58
1240.48
1256.09
984.23
1160.41
1608.63
1415.48
1245.78
1731.99
1531.26
1331.39
1847.16
1598.42
1837.77
1397.88
1760.06
1338.25
1891.40
1546.26
1447.60
1443.66
1336.19
1331.89
1467.17
1409.89
1307.82
1559.53
1832.60
1313.48
1845.35
1599.71
1284.51
1624.59
1693.15
1505.18
1306.26
1770.15
1839.02
1633.99
1549.03
1606.45
1471.92
1668.09
1613.09
1249.60
1459.92
1803.28
1225.57
1283.49
1564.89
1782.86
1550.30
1479.19
1336.67
1632.76
1410.26
1645.22
1725.95
1497.33
1506.76
1777.95
1215.81
1715.05
1629.35
1849.78
1812.09
1799.14
1386.05
1837.42
1523.70
1800.63
1684.87
1567.33
1611.40
1429.30
1610.32
1754.43
1884.05
1582.57
1304.01
1657.27
1654.16
1474.20
1707.03
1489.21
1511.05
1350.86
1646.25
1158.77
1164.99
1468.90
1538.80
1688.73
1642.79
1631.90
1705.09
1456.89
1326.50
1384.97
1385.40
1485.01
1582.33
1564.09
1413.93
1141.43
944.33
1172.47
2117.32
1199.41
844.27
1296.16
1364.40
657.81
1653.01
2045.84
1417.46
2124.06
1706.49
1258.54
2295.70
1460.46
1930.94
2007.04
1900.58
1361.45
2106.15
1475.41
1687.24
1699.66
1035.95
1526.69
1024.35
1837.55
1442.10
2018.32
1671.77
1935.00
656.48
1280.98
1740.08
944.62
1790.02
1680.65
561.74
1558.83
1301.85
1518.66
769.92
942.05
1514.91
2160.73
771.81
1841.63
1261.63
1477.24
1233.71
1655.56
1992.99
1515.22
1475.13
1312.80
1950.58
1244.53
2279.50
1440.33
1433.72
465.39
182.62
1367.90
993.29
1376.75
1911.81
1153.86
1090.04
1741.47
1072.20
1053.21
605.42
1532.21
1393.45
1438.17
1670.41
575.10
1258.82
1590.49
1287.15
1546.79
1554.15
463.49
1817.86
1306.57
1883.01
1396.52
1992.08
1532.62
786.57
1629.55
976.57
1131.96
1823.79
1827.27
956.58
700.37
1097.77
1835.40
1896.44
1566.12
2037.78
2123.06
1548.80
2037.09
1717.41
1027.40
1625.40
1705.64
973.17
1413.36
1084.49
1093.34
1497.17
1744.12
1120.39
1449.13
1521.17
1368.42
1710.91
1525.83
1303.42
922.69
1867.93
1520.41
1528.55
1348.75
1699.38
482.28
1249.50
1229.00
659.91
590.16
1539.02
919.57
851.41
1712.17
867.72
627.63
1086.93
867.00
1698.65
1234.48
1789.41
1675.17
1196.19
795.56
1831.34
1607.38
1603.63
2008.47
1877.96
1385.02
835.71
1452.50
587.83
1446.63
1425.28
2043.50
1192.21
489.59
1315.78
1523.40
1573.29
1165.10
1484.99
1036.84
2029.21
2012.35
2305.14
1128.11
2104.80
1196.40
1303.75
1423.90
2296.39
1944.81
1598.20
1317.29
2003.62
1541.44
1580.71
1681.97
1345.93
594.49
762.74
788.53
1700.58
1913.92
1951.95
1123.28
1235.75
1196.79
1379.87
1381.39
1471.67
1012.49
1410.48
1170.03
1229.76
2105.91
1409.12
1135.85
1590.93
1297.59
1638.41
1630.51
1913.27
1323.53
1824.63
2016.88
1229.76
1836.72
2220.54
1985.38
1808.74
1467.49
1369.92
1030.90
2300.23
1827.77
1546.29
1128.89
1872.36
886.63
603.64
1211.51
1891.41
1108.70
1480.13
1582.68
1374.06
1967.16
1402.81
1934.96
2184.26
1959.58
1648.64
1456.52
1571.20
1596.24
1284.58
1860.64
1892.25
953.96
1743.89
1812.32
2090.11
749.54
807.54
1820.70
1579.64
1801.84
2211.92
1470.59
2143.97
1252.72
1936.98
1625.54
1795.33
1044.04
1211.09
1732.75
1719.95
1045.84
1411.95
1554.07
1604.02
1659.94
1362.71
1571.57
1799.76
1050.52
1578.87
1739.52
1801.69
1753.05
1229.81
856.48
1087.88
684.67
1075.28
1198.62
1100.03
1665.59
1178.57
1326.82
1572.98
1695.40
986.26
2067.81
1409.89
1118.59
1121.97
894.30
1715.21
1157.43
1691.50
1109.33
1799.69
767.91
2342.26
1089.10
1770.78
1963.46
1888.74
1330.26
1990.60
1945.70
1429.23
1431.37
1652.08
1491.24
917.90
1509.91
1906.35
1898.22
1456.42
1539.97
2002.32
695.93
1375.52
1307.47
1434.65
1250.66
1597.78
1929.30
1436.31
1460.97
1716.22
1137.88
1382.49
1319.97
576.41
1176.25
2231.75
1846.47
813.08
1829.46
1205.81
1269.60
1109.82
1214.80
1237.06
397.87
1334.25
1893.77
2033.99
1155.57
1456.38
2096.70
1255.36
1976.82
1934.06
1242.18
968.10
1162.86
1931.37
1894.82
1934.78
1941.51
1932.67
1533.76
1406.65
1768.56
1047.88
1921.50
1473.66
1233.34
1388.88
2127.01
711.89
1775.30
1072.32
2148.79
1327.88
1360.25
1508.84
1189.75
1786.97
1414.57
1263.30
747.96
1201.90
1187.01
1242.72
1534.64
1853.12
1171.17
1352.84
1529.54
1082.90
1143.62
1148.76
1174.20
1941.60
1770.74
970.85
1527.15
1096.55
279.91
2079.01
1070.35
1501.70
1479.82
1632.76
2084.69
1061.14
903.52
1600.75
973.07
1912.21
1769.15
1514.18
641.26
1058.51
1519.78
1136.13
1533.18
1506.17
1562.94
1607.78
1418.32
1253.89
1863.81
1179.48
2036.63
1842.34
904.91
1598.89
885.87
1298.79
2030.84
1925.15
1006.99
1151.48
1564.94
1446.55
1925.17
1391.81
1341.96
1757.43
1889.25
1969.66
1905.01
1368.90
1609.36
1343.09
1600.98
1501.16
1463.31
1343.13
750.87
755.42
1774.16
1164.50
1847.92
867.64
1514.28
516.55
2013.73
1401.45
2138.84
1939.89
412.10
1377.91
1603.54
566.19
1463.64
1345.45
1124.63
1710.89
1095.51
1907.67
1063.61
1509.80
932.69
1312.78
1354.66
1565.53
1173.32
1625.27
1720.34
563.15
1478.45
937.42
1205.62
1664.72
611.87
1704.17
723.78
1116.24
1340.34
1606.00
1456.26
1910.49
1877.43
1007.87
1658.49
1558.99
1165.83
1087.22
832.82
1336.10
1596.69
1275.76
1930.84
2035.01
1583.11
809.28
1819.72
1501.21
1768.17
1526.07
1861.68
1362.00
1494.78
1007.57
1351.43
1177.29
1196.09
1888.00
1156.93
1775.79
1578.38
1163.94
1264.55
1293.17
984.52
1657.58
929.38
1124.87
1725.79
1290.49
1911.35
1019.28
603.14
1640.45
1464.72
1885.03
1766.17
1578.59
1071.00
1926.22
1852.20
1861.78
1253.01
1032.03
1706.94
1068.25
1612.24
1312.00
1734.00
2211.79
2199.08
2041.58
1049.25
792.55
1550.35
949.00
1583.35
1469.27
1941.68
1507.32
1003.60
1440.59
1196.78
1638.44
1474.54
1062.93
1634.07
1474.48
983.43
1245.47
810.29
1044.44
971.70
1090.52
1690.22
1510.73
1519.62
1649.12
925.67
1612.90
1578.29
917.58
1492.77
862.14
562.94
1088.82
834.76
1147.55
991.20
1884.97
1502.16
1768.93
1028.24
1933.28
1479.43
1666.86
1038.84
1567.73
2331.27
1553.53
1531.72
1626.81
566.94
1623.76
1327.05
1282.21
947.52
1634.21
1279.25
1404.76
1461.72
1665.11
1175.27
1640.88
2159.57
1983.24
1141.21
1705.27
1895.43
1316.88
1528.95
680.10
2066.53
1424.68
1998.61
1066.53
1545.40
1730.29
1612.50
1015.28
1837.30
1238.61
1567.47
957.87
1153.39
1798.18
1797.57
1831.49
1831.89
1442.49
1152.33
1910.47
1154.92
1449.87
1060.40
1283.43
1797.94
1868.99
1116.19
806.46
1828.19
1544.82
1597.42
556.58
964.52
1192.55
1092.99
1754.28
849.19
1616.54
1835.29
1774.38
1003.82
1763.48
1886.71
1401.68
1068.41
2054.99
1494.32
1639.85
1536.96
1636.18
564.99
1082.76
1322.91
962.08
1052.90
1731.39
1735.12
1086.11
1385.92
1211.33
1717.77
1595.23
944.33
1853.13
1132.88
1877.98
1061.06
1314.24
1378.21
2218.89
949.05
1276.64
1740.10
1602.11
1542.21
773.42
1068.00
1766.99
1628.97
1734.61
1090.87
450.80
1887.97
1101.56
1160.92
1404.91
2124.82
1018.56
1057.12
1544.54
1620.82
656.74
1719.19
1260.06
1025.48
1422.51
1369.26
790.42
1065.50
1234.25
1555.01
1367.19
1965.50
1383.87
848.95
1049.36
1261.59
1620.58
1270.66
1175.17
1355.88
747.78
2007.31
1536.44
690.14
1021.77
2082.71
1733.70
1512.01
1323.06
1443.94
896.89
1302.22
1919.33
699.60
2147.67
1499.27
1365.89
856.02
855.44
1245.65
1374.58
2078.08
1207.83
2168.17
1464.64
1264.48
1495.44
1066.32
1277.82
2115.80
1987.39
835.94
916.37
941.01
804.08
1079.52
1126.77
1848.29
1578.61
1530.59
762.20
970.34
570.21
1799.83
1129.42
1566.39
1475.26
2011.16
1627.13
251.17
1422.77
958.02
910.12
1436.68
1218.41
1291.37
1577.12
2131.23
1926.17
874.97
427.97
1028.58
1707.76
1455.77
1098.02
983.49
1869.29
438.03
634.46
2029.19
1250.35
856.32
623.08
861.79
1096.29
1083.80
1161.88
1681.55
391.09
1269.38
1042.41
1410.58
1703.56
1627.13
1336.86
1711.17
1618.57
1286.04
1777.27
1065.38
1678.50
1495.44
1370.68
1893.40
1115.36
1887.56
1913.65
1439.08
1634.28
1802.11
1882.53
1402.12
1543.40
1006.35
1193.78
1459.45
1699.47
1664.74
1372.52
1881.52
2124.81
2152.08
1997.46
500.61
1365.28
1264.86
2112.88
1424.81
1143.48
1305.02
832.04
1642.93
1928.68
1889.75
1619.63
1855.89
1460.19
2265.30
1767.50
781.94
1086.69
1187.12
1132.67
1344.54
1611.40
1289.35
1296.62
1509.02
1828.67
1221.86
745.59
1088.89
1273.42
827.62
1676.01
1621.82
1421.12
542.65
1010.02
1266.00
1040.26
1260.89
1333.76
2000.83
1500.88
574.54
1455.47
1136.87
1652.67
1216.32
932.21
1772.34
1308.61
1746.81
1980.91
1897.10
1376.04
1210.96
1719.78
1466.46
1460.61
1651.11
1704.43
619.08
1602.25
1490.26
2033.99
1695.70
1049.54
924.98
1248.01
917.82
1668.15
940.08
404.21
1018.09
825.82
1494.96
1217.19
1116.26
696.74
1288.28
1552.16
1078.00
899.10
1771.88
1488.39
1145.32
1727.85
1906.05
1338.83
1840.86
576.80
1478.72
1430.47
865.34
1314.57
1437.02
1177.49
1918.97
1258.24
1564.01
957.87
2312.73
987.97
1589.97
1575.20
1190.04
1301.80
1729.87
795.07
901.85
590.60
1119.53
1667.65
1989.25
669.46
1720.03
622.15
1552.97
1373.89
1320.28
1916.39
1194.08
1530.37
1629.59
1116.57
978.14
1244.56
2087.84
1687.66
1441.56
1724.31
2238.09
1567.41
1045.84
1569.31
1632.39
1086.97
1515.82
1359.60
1445.82
1836.28
1470.92
1502.94
1905.86
1492.70
1739.98
1846.41
1755.19
1222.85
838.74
1558.35
1932.93
628.39
1544.41
1183.88
1398.17
1956.77
1862.02
1744.45
1642.55
1581.03
1688.77
1302.46
2061.01
1646.55
2138.64
682.22
1396.45
1256.47
1717.47
1392.84
1629.00
2182.90
1605.31
1015.83
1067.84
1720.87
1578.37
502.17
1790.25
903.26
859.91
1759.01
1451.54
1522.96
542.94
2015.74
1622.48
1945.73
1908.81
1323.23
1669.76
1563.70
1947.90
1663.60
1573.98
1055.76
1162.40
1384.72
755.51
1533.47
1831.92
1323.34
2317.39
1636.77
1387.29
1292.78
1236.03
2037.56
1846.74
2098.77
843.26
1441.04
994.60
1038.81
1921.86
1555.40
1431.16
2176.35
1446.57
1282.32
1514.70
1625.25
1617.61
2064.62
1408.60
1192.14
806.58
1508.50
1391.03
1574.71
638.23
1241.48
1307.43
838.37
952.83
901.42
499.28
1024.85
995.51
1747.49
787.34
598.62
958.61
1653.56
566.86
705.72
1584.95
1784.20
1803.49
1652.34
1815.17
1893.89
1586.56
1678.70
1629.56
973.07
1700.43
1484.86
1206.61
740.80
1481.68
1396.65
1308.37
817.38
1438.76
1797.90
1547.85
1373.67
1398.85
1349.72
1870.71
2178.41
1325.04
1264.16
1858.27
801.07
1172.77
1327.39
1444.52
1097.21
828.08
1976.06
1473.99
1927.63
1350.99
1825.84
2052.72
1565.04
1950.23
1983.59
2043.33
1508.02
1065.85
1699.94
1123.95
1502.28
1546.60
1248.97
1511.45
1149.90
1516.78
631.06
1834.53
1732.70
822.44
697.89
1391.08
1171.78
1676.90
576.21
607.60
1395.94
1822.86
1872.01
1693.44
2189.43
1720.66
2096.64
1396.04
1281.17
1196.76
1359.97
1448.91
2016.02
585.64
1433.49
726.47
1497.06
1634.40
1043.19
1519.25
983.85
1453.20
1837.69
557.43
1272.70
982.93
1816.68
1889.27
1419.68
782.18
1376.77
1719.31
183.16
904.60
1235.06
1247.32
765.00
1525.42
1867.72
693.01
922.07
1518.50
1724.47
1654.49
1374.83
2133.30
1048.70
1818.55
1744.73
2038.76
1449.96
1532.44
1702.75
2244.08
881.41
1872.26
1158.24
1805.06
1479.12
901.55
1584.72
1843.73
1584.84
913.32
1367.13
1775.21
1304.95
1299.76
1291.93
1041.38
1454.23
1559.54
1518.60
696.59
304.40
874.48
1563.17
1818.76
1530.25
1249.39
1308.47
2048.13
1881.79
1746.47
602.26
2121.69
1262.47
1742.11
1720.73
1882.63
1211.37
1832.54
1376.15
1355.88
1303.56
1019.20
1472.68
1462.36
1791.38
804.59
1728.99
338.69
1698.07
1357.64
1094.12
775.28
990.50
1836.81
1508.19
1968.45
1412.75
2120.97
1010.44
1047.02
1809.68
1693.75
1175.21
594.85
858.44
1807.83
1470.49
981.75
543.01
1539.01
662.13
776.22
1978.39
1428.71
1397.13
1089.72
1228.97
1790.59
1930.86
1070.31
1402.80
1884.34
1749.71
523.35
2083.85
1860.79
1517.57
1839.79
888.17
1198.71
749.21
1447.07
1695.51
1014.44
1480.38
2064.08
591.45
951.89
994.96
1767.91
1431.57
1493.95
920.44
1683.74
1581.29
1616.23
1872.71
643.12
1652.33
1041.37
1786.94
916.18
1981.25
1638.06
2159.06
1822.38
750.92
1696.97
1136.05
1926.99
1810.06
1626.60
1889.97
1035.01
720.24
1322.52
1149.28
1262.86
1305.54
2043.91
1459.81
1393.53
1375.64
1703.43
1025.07
1869.33
2007.72
1655.06
1764.10
1610.88
1655.89
1262.39
1491.73
1118.90
1892.87
1471.16
1174.08
1579.19
1593.80
1614.10
1319.81
1454.60
1698.20
1026.93
1225.96
1779.54
1710.38
764.67
1113.81
996.60
1782.66
1965.65
645.72
1384.01
2190.60
1993.58
1321.64
894.62
828.05
1120.43
1776.11
1613.11
1597.06
1191.79
990.16
1345.72
1468.21
1261.41
1720.05
1315.91
324.46
1254.40
1756.13
2132.69
1468.78
1321.62
1791.81
1049.87
1418.69
1319.66
1554.71
974.62
1489.34
1173.22
1889.26
1510.71
1654.27
1764.22
1306.45
780.12
613.31
1605.11
906.30
1678.41
794.26
829.06
1398.58
1427.10
1375.55
993.85
1865.99
998.13
2147.15
1020.81
862.12
1462.58
1112.58
1737.26
2048.08
1218.24
2097.65
2215.74
1563.87
991.91
485.23
1130.25
1419.83
1566.14
613.29
1675.85
1910.66
1176.75
1661.33
959.38
585.25
1529.04
1052.62
193.02
947.26
1664.03
1941.78
1773.62
2021.56
1634.01
1920.28
1831.42
1090.79
1453.84
1897.33
781.19
1493.57
1378.96
2098.63
1643.36
1651.53
905.09
1874.34
1161.18
1247.59
1263.37
959.97
2136.19
1079.29
1859.91
2064.93
756.11
2078.60
185.28
2005.39
1056.52
1846.51
1532.50
684.48
1790.33
1938.74
1528.14
1799.28
612.42
1372.95
1888.87
1399.88
1275.14
1969.89
928.03
1957.65
1193.69
1318.57
317.63
1952.29
540.23
281.45
1730.61
1198.42
1640.79
1492.91
1511.04
1835.18
1345.29
1056.71
1530.45
1436.67
1307.23
1779.29
821.03
1634.46
1170.60
1214.18
1272.89
1867.06
1912.03
1007.38
1188.10
1281.70
1809.99
750.03
622.53
964.57
1434.25
1212.05
906.56
1365.53
1348.30
2076.72
973.31
1647.66
957.15
1703.67
2119.89
1632.23
1000.93
1024.29
1062.29
2215.91
1509.80
776.01
1653.95
1050.18
1197.12
612.78
1341.73
573.37
1932.84
2122.69
1939.07
1853.77
1237.33
589.30
1063.20
1796.38
1269.22
500.80
1515.42
1676.87
757.33
1049.20
874.04
1079.47
1165.23
1933.32
1181.64
495.07
906.76
2124.77
1551.26
2118.85
2164.84
1232.33
1460.41
2189.20
920.89
1272.65
1174.49
1800.28
1324.65
1568.25
1420.95
2018.72
1727.35
1625.76
734.44
2040.85
1349.18
1455.88
1675.85
1297.98
1472.60
2006.77
1724.32
946.96
1408.64
1608.37
1303.75
716.16
1609.86
939.94
1061.16
259.53
1396.86
2013.25
1899.23
1351.52
1518.89
1744.96
1841.58
1463.11
1160.25
1184.23
755.51
2105.44
1407.45
1224.91
1685.80
1037.43
1749.16
2069.12
1431.69
966.16
1309.98
1487.08
2185.85
1425.91
1145.84
1522.18
936.86
1264.93
2103.99
1290.17
1543.78
1307.61
1178.09
2149.74
1162.81
1647.26
1465.09
1439.90
1112.92
1468.42
1580.36
1502.92
1366.81
1111.66
1677.51
1381.74
1102.44
887.44
1564.37
1689.49
1565.37
1006.41
1641.46
1144.18
1104.40
1915.69
750.86
1560.92
774.23
1541.33
562.81
1815.48
872.89
559.44
415.88
1916.18
1806.85
677.32
1301.50
1832.37
2044.57
1408.94
1989.18
1103.62
1593.63
1478.17
1363.45
1759.17
1367.78
733.57
2108.05
1642.37
1197.08
1275.86
2040.70
1354.10
1841.10
1677.27
1285.74
1298.30
1418.90
1245.82
1633.96
1142.42
2227.51
1387.20
1637.66
1430.14
1879.87
1319.46
2084.57
1292.12
1265.01
1351.94
1680.45
1586.49
856.39
1658.48
1171.54
2307.65
1497.02
1099.88
1499.12
1708.01
1802.12
1552.56
1306.75
1211.72
1518.72
404.76
2289.18
1985.56
2132.38
1926.15
1931.32
1501.11
1361.44
2017.73
309.04
1785.18
1244.64
811.47
2078.10
1848.33
1280.67
1597.48
1808.09
1743.66
1553.34
1304.42
1875.26
1645.62
1051.45
1653.12
1146.66
1237.87
740.46
947.05
627.38
1185.70
858.75
1416.51
1048.14
1457.98
1443.59
1633.60
1536.66
1849.71
1336.24
1082.87
1450.10
2111.03
726.12
504.61
1319.97
1432.14
1758.94
1708.17
1913.76
649.03
539.12
1703.27
800.02
2016.71
1125.16
2217.15
1647.28
1574.37
1361.98
1606.00
1021.96
1816.02
2085.07
1312.87
1457.82
1466.56
1358.44
1853.79
1651.20
2194.71
1633.63
1448.20
1134.52
1873.96
866.39
995.05
1426.26
1041.49
1249.77
1252.93
1437.07
1698.10
1890.68
1347.32
1548.98
1407.12
1063.27
1587.96
761.32
1421.86
1232.17
2153.72
1925.92
530.03
550.13
1309.89
2014.26
838.82
1896.93
928.48
1220.24
1195.14
756.13
1766.34
1238.29
703.61
1992.53
1392.90
1181.53
1142.52
625.52
1484.68
1483.44
2079.57
1405.35
1676.01
1730.57
1482.00
1947.22
1790.00
1850.65
1764.19
371.79
2020.93
1252.92
1787.07
514.80
802.45
1743.37
1667.84
1747.65
1301.70
1608.94
2085.81
1859.69
1349.97
1737.27
1895.30
950.26
1933.24
1716.49
1052.01
1462.88
971.83
967.27
1579.28
2210.61
1541.92
2116.03
2274.85
2153.28
1223.02
1603.04
769.05
883.83
1207.85
956.21
1402.27
1421.51
1546.36
931.18
1939.48
1851.65
1630.24
1794.40
1371.94
1864.90
503.29
618.00
625.73
1554.14
1176.26
2008.74
1292.90
1604.81
1608.08
1630.67
1302.76
479.59
871.04
1585.52
1343.58
1719.49
669.19
772.37
1105.60
960.59
1497.17
1418.25
743.09
1440.39
1377.26
2055.61
915.77
1365.32
737.40
622.01
1916.76
1751.77
1622.20
1489.64
1559.03
1203.03
1849.77
2093.53
1146.27
1535.08
1511.27
1460.14
906.96
1430.96
1884.18
335.89
1843.08
1933.34
1405.53
1320.01
1237.29
1700.62
960.02
1515.38
1433.60
1187.62
693.27
1800.88
1846.46
1759.60
741.15
1666.71
2119.85
564.91
1596.10
1454.35
1088.83
1238.63
1924.66
1873.95
876.28
2017.90
1301.87
838.53
1448.38
1753.82
1237.57
868.30
2156.04
1489.73
983.73
1862.55
1992.61
1242.55
905.18
1556.12
788.08
783.92
1683.60
1201.87
417.35
1473.90
384.23
1557.40
1083.72
1651.77
1461.91
1468.45
1490.60
1430.27
484.11
1198.47
1482.30
1827.60
1310.81
1709.13
1968.88
1621.60
1311.74
1104.05
1347.46
1412.73
361.61
2368.83
1000.48
863.29
834.78
671.44
1964.75
1057.42
1245.21
1668.21
1807.31
1343.49
1704.73
1338.06
1151.10
1346.46
1480.30
1687.62
1879.94
1436.53
2282.58
1244.79
1518.21
1138.70
1425.34
1939.24
1782.58
1300.93
1134.63
1503.41
1355.39
1444.99
1529.20
1443.29
1433.90
940.59
1327.75
946.75
2294.40
896.57
1983.65
1771.12
1486.39
2057.14
1238.76
1359.67
1385.58
1341.71
1329.31
1038.09
1185.74
1533.14
1202.12
1770.92
1579.45
953.50
916.76
755.16
1376.47
2235.13
1566.09
875.99
2049.23
1293.29
1659.74
2259.30
1627.47
1623.83
1657.45
1715.08
804.12
496.13
1339.64
1697.46
1775.47
1441.15
2379.19
1624.40
1832.36
1341.13
1468.07
1009.27
1759.32
1515.10
1494.99
920.36
1672.95
1733.57
1387.65
2133.51
1292.07
2017.77
2295.64
814.60
867.12
1570.40
2032.60
1914.24
1396.93
956.55
1893.26
1792.09
1801.73
1217.00
1495.00
2003.64
404.86
673.15
1188.40
900.32
1688.03
1627.25
1857.20
850.26
1313.26
1797.45
939.21
1739.18
1481.99
1391.77
915.16
1387.72
1557.99
1644.69
1359.84
1985.54
1154.22
1280.05
906.84
1160.83
1743.71
1761.10
1429.15
451.89
813.43
1319.27
1031.26
1464.04
1891.94
1220.44
1790.67
1815.38
1668.69
1650.29
1905.90
1411.76
1550.66
1768.46
1644.48
1992.57
2234.37
1882.69
1704.59
1406.08
1509.05
2091.38
1606.39
1118.23
2089.24
1308.42
1895.08
1130.62
1711.05
2093.86
1592.07
1781.96
1633.79
1906.09
1071.19
1249.56
571.16
845.59
1570.96
1035.68
1318.15
1626.05
1579.77
1805.08
1288.52
1646.48
814.23
1589.31
2331.43
1482.37
1193.75
1960.89
1459.19
1432.58
1745.81
1277.31
1328.39
1580.54
1398.24
1967.93
1959.18
1985.77
1310.39
1022.63
2219.67
1226.81
1906.01
1011.74
1813.17
879.50
1145.21
882.06
1460.82
1364.12
1599.61
1028.98
1372.58
1624.45
1122.98
2104.50
2024.73
514.40
1026.40
703.69
1068.06
1620.92
1115.37
1751.41
2070.14
717.85
1016.83
2074.37
1885.25
1519.59
1709.50
612.13
883.42
1257.52
1714.29
1193.70
1578.39
1585.42
1694.60
1225.95
1464.55
814.00
1763.78
1867.10
1803.78
1544.92
1796.95
1343.03
1109.78
929.91
1606.73
671.16
1094.07
1227.76
1658.83
1039.78
2082.54
2185.66
1091.75
1564.59
781.56
1581.84
1678.42
1073.20
1777.49
1927.27
1568.53
1540.96
1329.35
1529.74
1226.89
1208.32
1429.83
1882.32
1460.09
1387.25
1040.95
1527.58
1031.11
2052.68
915.58
931.31
1427.29
1553.30
955.66
814.69
1395.75
1057.50
601.58
718.68
410.01
1159.62
2047.01
639.75
1619.89
1952.88
1928.27
1695.02
1974.73
2090.29
997.92
1204.92
1688.62
1125.53
2054.62
1149.00
1802.47
1526.68
1232.89
1017.67
940.19
1702.62
1487.38
1472.50
1242.19
1889.53
959.56
742.38
1245.57
1794.31
1145.49
963.57
1034.66
1368.92
1287.17
813.54
1085.40
395.53
1414.42
1470.04
1134.42
1803.25
889.09
1970.41
1344.23
1756.47
1872.81
1304.07
1396.74
1712.18
1530.07
1991.35
647.47
1530.87
953.84
1943.72
555.74
1303.02
1486.80
1790.48
1734.45
1227.56
1132.89
1825.17
1607.30
2381.16
1769.21
1495.87
1879.23
1546.17
698.82
1744.34
1508.92
1928.98
638.24
279.61
1170.33
1027.82
1817.02
2170.65
1092.33
1322.51
1853.49
1303.57
1076.00
1724.07
1788.56
1441.88
2235.29
1126.68
1498.63
962.61
1908.55
1560.86
1330.84
939.12
1959.95
901.63
1023.00
2009.20
1563.72
990.78
1490.62
1773.60
1698.54
2132.59
1552.16
1565.30
1512.59
1413.14
1298.56
1606.78
1951.01
1239.88
1518.79
1510.01
2078.37
1827.96
2239.47
2241.84
893.36
1176.86
1494.08
1347.84
826.98
759.55
885.94
1690.16
1183.33
1113.37
1932.72
818.27
1485.52
1566.31
1766.92
495.68
999.02
1723.33
1905.05
538.34
711.84
1986.14
1577.99
1674.08
2129.74
1168.87
537.00
1700.77
1011.27
1462.18
2126.23
941.67
1910.52
898.22
1692.65
1698.15
1854.34
1888.99
1301.07
1631.44
996.22
2097.54
1730.00
1348.43
1818.53
1568.31
1216.35
999.73
795.29
1285.42
1291.18
1864.05
1126.29
1882.02
1505.93
1171.86
1739.01
1660.68
1273.85
862.63
1825.86
2079.31
1182.50
1168.22
1309.12
1117.64
2129.95
633.62
2034.23
1621.12
1740.44
1532.90
2089.01
727.73
1792.93
1105.66
1399.77
1743.66
766.17
933.72
1649.17
976.03
2003.55
1463.52
1935.90
1380.13
1512.53
1321.18
1317.81
2342.85
1561.55
1507.50
1437.38
891.41
1976.37
1655.54
1386.45
964.50
1154.40
2114.84
1423.92
1828.10
1903.16
1110.84
1393.33
1832.45
1809.28
1573.24
1502.14
986.15
1471.33
1450.78
1344.52
1472.92
975.34
1014.11
1433.48
589.86
1504.03
1830.78
1602.58
1729.48
1312.05
2205.10
1750.53
1730.29
2032.79
399.21
975.16
1285.14
1640.68
1306.99
693.89
1296.05
966.75
1417.67
1822.57
1447.14
1878.33
1629.38
1295.86
1346.30
2174.24
1440.22
1639.61
1262.55
1176.54
2163.98
1251.33
1329.90
1733.13
1975.66
1172.98
754.01
1558.30
1579.20
1121.28
1262.69
1347.15
1862.02
1567.98
1233.54
841.91
1757.61
1833.85
1814.01
1375.89
2136.69
1251.03
1952.48
605.84
1561.32
1004.22
847.38
1462.33
1362.44
1258.35
1216.58
904.00
1747.29
1088.66
1194.27
1512.37
1113.46
1431.76
1391.35
1110.37
1606.21
1905.69
1158.87
1590.17
1198.42
601.98
1561.06
766.52
2070.41
1563.69
854.19
1806.69
446.86
1634.07
1366.99
1207.35
1605.47
2309.60
1003.86
956.00
1445.68
1809.28
1911.87
1518.19
1912.60
1170.09
2118.96
1771.32
1517.33
1417.95
1242.10
940.61
1536.78
997.29
1215.59
2266.37
1885.86
1802.74
1689.57
1608.46
1058.43
1105.32
1852.16
1805.25
1940.58
519.76
984.92
2069.56
994.20
1416.32
1649.41
1998.20
303.80
1894.01
2224.92
1798.13
877.47
1416.43
1355.81
1752.03
1996.62
1749.08
1673.57
1135.72
732.23
1188.80
1030.71
1274.73
1590.67
219.47
1948.01
721.18
717.33
1549.62
1144.66
1864.07
1495.36
1956.37
1911.55
1045.68
2240.86
1607.45
2114.15
922.05
903.84
1538.45
1630.23
1413.69
890.29
1835.92
2208.63
766.22
1181.49
940.15
1479.27
2102.77
1447.13
1842.46
1734.24
1399.97
563.82
791.94
1709.98
2111.31
1710.50
2012.47
999.43
1451.80
1480.96
2041.68
1096.40
910.59
1757.85
2134.40
837.33
1491.86
1821.16
1567.44
1593.63
1018.25
1219.96
1389.58
1950.51
900.65
1495.51
2046.80
1824.90
674.98
1216.17
1416.20
1558.36
1281.78
2044.77
1075.50
687.09
1857.72
1402.86
1656.65
917.83
1520.09
1420.61
969.17
1132.37
1367.57
1772.53
1390.95
940.43
1758.37
1528.58
1156.33
1251.93
2037.13
1650.27
1529.54
1678.07
1153.84
1825.14
1392.90
1781.51
1973.34
1633.49
1958.73
1194.81
1303.76
1863.80
1961.41
2166.21
1564.64
1944.68
1694.31
755.66
1789.41
702.25
1532.26
2071.37
1726.97
1086.95
598.87
942.81
1670.48
1303.09
1740.56
1870.92
2110.52
1211.63
1838.01
654.14
1609.67
1455.23
1433.14
1456.29
1068.47
1613.97
1900.22
1600.05
846.81
1449.32
1172.06
1242.08
1906.16
2002.17
1387.08
1835.04
1418.29
1068.81
1382.84
1194.74
1313.06
1263.20
1989.95
836.08
933.88
1201.55
656.60
1769.08
1571.20
1557.55
1013.24
1717.20
1142.55
2159.13
1954.78
950.33
1739.00
805.02
715.22
1695.46
1347.32
2119.37
2146.62
1467.54
1435.79
1534.40
329.46
1762.75
1159.12
1770.77
1639.87
1304.65
1423.33
1649.48
832.74
1703.48
1883.63
616.94
1375.71
667.59
902.68
1817.18
1424.08
1370.45
1775.13
1492.35
1209.80
2016.49
1331.13
1525.36
1378.70
1436.08
1440.89
738.68
1543.04
1788.96
889.03
944.36
1396.64
1592.71
2168.43
1268.54
2123.57
1705.01
1359.59
1802.40
1118.57
1886.80
1362.11
1192.04
1390.64
1253.07
1752.41
977.07
1202.04
1892.76
1558.58
1589.48
1780.57
1822.03
1280.20
1402.41
903.68
1058.65
1182.84
1671.89
1232.91
1816.70
1569.08
1031.77
1003.11
841.65
1992.72
1498.28
1035.10
1469.82
2265.81
2130.73
984.22
1614.31
1738.12
941.61
358.34
1804.87
1067.74
1039.50
1263.39
1224.10
1565.16
1741.33
1388.06
1873.78
1827.77
1159.00
1066.18
1486.58
1152.83
1286.43
1909.26
888.95
762.56
797.59
1609.31
2047.25
1868.67
1785.72
1902.18
939.94
1829.17
1810.70
975.54
1107.43
1755.66
874.99
1472.30
1682.03
1663.47
1434.05
1153.72
1314.49
1472.34
1067.30
1164.29
1406.70
1430.97
1134.36
1172.11
1190.24
1683.95
1481.17
1211.01
1575.33
2024.97
1418.14
1669.14
266.69
397.23
1292.33
1340.36
1026.87
1618.99
1127.04
1710.98
777.05
1469.32
1009.49
2041.69
1007.87
1484.40
1177.75
772.54
2034.07
969.11
808.45
1289.54
1765.41
1781.02
992.94
1604.36
1184.24
681.07
1814.32
1877.91
1208.18
1627.59
1284.95
1964.66
972.02
1514.42
1537.34
1139.33
1427.04
1347.20
1666.69
1267.14
1243.79
1576.46
839.15
824.62
1217.19
1448.62
1336.80
2151.47
1350.67
828.14
1354.57
1230.13
1280.55
1685.03
850.02
1159.24
1843.76
1274.43
1282.80
1540.54
682.20
1255.29
1656.34
1362.69
1862.77
1046.17
1065.73
1677.15
1614.84
1855.32
1415.05
2011.18
931.17
245.10
2010.64
1817.84
1198.60
1166.38
1285.88
1621.09
1953.06
1742.76
2011.93
1636.15
1314.80
776.47
1837.70
1584.19
1377.46
1377.75
2025.66
1647.57
1427.42
1810.54
1799.51
815.52
1759.69
1047.43
697.89
1023.71
1862.45
1858.26
1353.32
484.15
1663.71
935.02
1507.65
1877.97
1208.98
1683.93
1391.18
1551.36
834.92
1969.52
1782.50
1293.50
931.82
1590.06
1831.75
1441.87
931.21
1218.81
1199.90
1760.92
833.86
1819.91
1354.16
2030.68
1597.91
1510.76
2038.62
1049.36
1803.81
1194.94
1330.47
1850.73
1620.00
1617.92
939.15
1397.56
1009.01
716.78
1890.82
1319.65
1813.50
1251.43
1421.50
1010.85
2013.79
1578.00
2189.21
1459.88
1691.92
1972.39
834.59
1642.00
947.33
1099.75
1263.59
1465.75
784.63
1391.81
1493.78
1310.21
1286.27
1410.86
1631.37
2293.37
1991.26
549.40
877.36
1036.68
1733.40
1181.45
1619.76
1468.05
1292.68
310.92
1431.57
1568.46
1149.24
1615.89
1091.30
1489.54
1525.95
1685.74
539.07
2121.96
1476.79
1390.49
1849.28
1096.76
1664.41
1205.99
1426.92
1924.21
364.71
1009.82
327.30
1781.85
1168.42
816.15
1933.62
1572.40
1293.47
1344.22
1404.40
2098.01
1817.77
390.00
1676.76
1148.61
2281.74
1094.14
1548.10
1573.88
1858.92
1352.00
1323.90
837.80
1427.08
904.72
1424.79
1417.34
968.44
1247.27
1532.47
1143.58
1658.81
251.73
1901.92
1874.08
1623.31
1193.92
884.90
1617.53
1555.19
1336.28
1407.95
1319.23
1129.05
1306.34
1018.21
1981.70
1499.08
1343.02
1519.39
1087.13
1978.00
2150.91
1349.55
1168.35
565.63
1575.25
1152.69
670.28
1564.52
1306.40
1910.84
1820.73
1039.99
1822.64
1117.64
1851.87
975.49
1609.47
1016.92
907.31
1676.18
1721.87
1395.53
2166.01
1315.27
951.45
1160.27
1896.68
516.31
1662.61
1099.02
1204.67
1870.79
2201.14
850.76
1176.31
1139.17
1612.57
1427.80
963.21
1298.28
866.78
2125.50
1636.70
1584.54
1602.58
1479.32
2001.18
1555.46
1577.19
1045.08
1292.32
1582.10
1598.21
1034.63
1163.50
1445.65
1115.29
1826.05
944.97
998.75
1206.79
960.58
1150.51
1136.12
1331.49
1888.38
1712.45
1032.46
1744.37
1220.08
1576.71
1295.61
1263.54
1546.70
970.05
1488.08
1533.57
1643.83
834.21
1133.30
1828.32
1542.40
1711.02
1742.32
1984.95
1831.91
1586.07
1451.00
1512.32
1661.44
1467.00
1597.70
1432.40
1425.14
1329.75
944.07
1030.28
1085.84
2165.22
902.75
1959.70
1920.27
2113.28
1153.71
1047.21
1483.53
2265.29
407.13
1371.00
1010.16
1662.67
1552.80
1272.10
1393.10
1222.06
888.15
959.26
1180.25
2100.57
1623.45
2114.52
1728.37
1940.20
1600.19
1890.48
1064.01
1551.97
524.48
1263.27
1384.15
1471.34
1133.72
1619.58
1250.65
1481.73
1451.34
1319.28
1201.98
1486.90
1448.15
838.06
1485.57
1808.61
1486.46
849.32
856.30
1722.01
1166.69
988.98
560.81
1073.77
1357.98
1621.11
1101.12
1026.00
763.24
1723.54
1070.47
1066.99
1112.19
1659.19
1291.45
1534.44
1751.16
1252.29
1046.13
760.98
1793.35
1381.51
982.26
1221.40
2139.47
1186.41
2112.80
1589.67
1603.17
1225.17
1112.20
1201.83
938.72
1656.12
1871.78
816.33
1281.05
2140.59
1010.90
991.53
1935.19
1241.86
2062.48
1488.14
960.25
1200.08
1448.98
882.56
1126.73
1574.32
748.97
447.94
2013.52
1357.28
1030.06
976.81
1306.59
1381.39
1373.67
1106.36
1013.51
1464.34
1723.08
1825.44
1543.09
1776.48
1328.13
1171.06
1961.70
1863.33
1592.01
1581.41
1860.44
1483.40
1700.04
1545.55
1757.22
1338.30
1160.39
1716.47
1561.39
1190.52
1591.68
1008.96
1498.30
904.54
1250.06
1102.50
1845.67
1090.71
1334.66
1964.83
1393.24
1415.49
1035.07
1372.03
1241.09
1353.53
1668.15
1071.88
1193.16
1567.70
693.65
1104.12
1493.00
1613.56
2130.32
1263.70
1652.87
962.74
2004.85
748.59
1279.91
973.68
1212.59
1469.71
1242.47
2072.05
1191.96
1579.51
840.74
1018.09
2056.55
1493.98
994.59
1000.00
1498.00
980.08
1801.29
1766.74
1007.22
1222.77
2150.20
2194.12
1788.43
1159.77
1032.05
1166.49
861.83
1201.31
1500.39
1101.47
514.11
1892.15
1829.28
956.72
1267.77
1537.89
1008.57
1509.84
1783.78
1184.53
739.42
1531.81
1462.65
853.22
731.93
782.02
1802.82
1686.81
1371.24
1578.34
916.67
1927.30
1670.01
1253.13
1654.69
2005.62
1221.61
1530.31
1276.54
1216.37
1035.94
1461.93
1827.93
1778.99
1833.88
1093.58
1830.58
1642.63
1622.58
2061.29
1882.30
1681.38
1358.16
1901.71
1844.75
984.51
1107.82
866.40
1726.25
1354.94
1659.75
1973.21
1488.62
1571.50
1371.93
1429.81
1384.90
1011.71
1288.60
1725.01
806.61
1430.56
1097.37
1810.69
1309.80
842.24
904.51
1107.99
1774.65
1358.07
1507.91
1263.43
1816.59
1540.11
1548.92
1048.88
1793.53
1207.97
2139.54
1866.01
1656.08
780.41
765.66
2059.50
1454.81
1021.41
1345.32
1623.18
1928.46
2044.09
1391.73
1805.22
1614.73
1402.06
1909.48
1445.81
1807.83
1274.48
1322.01
1379.11
967.50
1113.52
1457.95
1059.27
1034.66
1440.69
1804.37
1035.76
1996.58
1790.02
545.24
801.64
1489.06
1276.57
1243.88
1779.74
1700.03
866.52
1111.95
1645.06
943.97
1100.98
1571.41
1374.60
1600.50
1390.12
2035.94
1478.72
1160.01
1965.08
1866.65
1529.77
1201.38
594.38
1091.86
1996.52
1008.60
1000.20
1491.35
935.32
1840.01
1637.24
1716.83
2051.87
1781.56
1575.58
1380.33
1397.76
1060.40
775.60
869.76
871.61
2037.59
1890.70
744.12
1571.41
1348.43
1425.94
1685.77
1915.54
2087.91
1469.28
1191.13
1988.82
1097.81
767.08
606.84
1834.38
1477.80
983.64
1453.89
1456.44
2153.85
2012.44
1744.58
1269.22
1097.92
1059.05
1536.31
1991.90
1870.22
1185.96
1187.19
1133.61
1819.40
1544.74
1476.39
1269.95
1537.46
1474.93
1348.00
1644.24
480.25
1764.40
1501.75
1512.33
1255.35
966.15
1484.91
1873.09
1122.27
837.41
1738.93
1263.85
1715.76
1200.67
1543.21
877.83
1563.05
2017.04
1696.24
1533.08
1649.01
932.68
1525.71
562.31
1164.96
1996.94
1147.46
1692.59
1319.78
1342.20
407.65
1388.28
1438.18
1188.35
2186.09
1914.07
383.49
1322.10
479.02
1665.82
1169.95
1651.70
1219.65
1812.24
1946.90
534.77
251.10
1043.72
1240.01
1370.10
1625.81
978.61
1668.02
1089.79
1954.96
1373.83
1265.05
966.89
791.52
1430.48
1855.85
990.64
1760.41
1612.66
1566.83
664.05
1063.40
1331.79
1421.19
1332.66
933.96
1182.91
1636.63
748.84
1564.19
1824.99
1565.74
1720.37
1307.20
1348.49
1014.94
1924.45
893.16
1524.08
1564.98
1268.60
1177.60
1016.49
1692.71
1477.95
1431.27
1286.95
2113.24
2046.11
2035.56
974.56
1537.17
1074.00
1381.97
1877.41
1674.46
1797.12
720.96
1192.31
1359.63
1261.89
1338.07
1814.24
1634.53
895.05
1589.73
1393.47
1947.92
707.45
1174.25
1005.79
1289.38
1968.63
1263.06
1875.45
1410.47
1068.23
805.55
1774.64
1135.07
1424.69
565.26
880.32
1454.83
1231.86
1258.67
2201.99
1313.92
1627.98
1029.16
894.03
1788.23
1260.72
1037.48
1268.51
1989.90
976.17
1381.09
1517.71
923.76
1222.92
1534.08
1626.60
1308.05
1508.93
530.36
579.41
1604.62
1011.88
911.57
874.84
1579.07
961.85
1263.53
1864.76
909.99
1404.49
1340.89
1439.96
1541.44
1410.03
1862.85
1248.52
1382.58
1079.32
2247.64
1333.09
1680.67
2181.76
1131.29
1995.61
1046.43
1361.32
1050.12
1053.59
1546.38
1007.71
1870.41
2154.58
1693.01
1962.05
1406.02
1686.80
1568.35
1742.72
1615.15
1460.54
1128.69
1764.34
2291.46
2024.11
2007.11
1039.64
823.60
1055.60
1580.51
1911.40
1839.84
544.47
1355.21
569.50
1405.36
2007.34
1319.34
1393.30
1514.31
1109.73
1844.67
1487.46
1769.44
1382.06
1149.52
2126.02
1828.02
732.75
986.24
1656.14
944.85
1796.62
1372.42
1575.25
1558.14
767.48
569.31
2086.33
1204.90
1900.77
1864.11
1529.13
1493.89
1652.25
1356.68
1011.65
1672.97
940.99
1515.95
604.86
2029.97
1566.35
1241.60
683.16
1287.93
1355.00
1172.39
1619.07
1907.58
1066.07
879.85
962.88
992.89
1653.08
1202.05
785.80
2021.32
1671.93
2108.53
1041.70
716.70
618.74
1457.32
1838.86
2008.09
556.96
1800.39
1413.66
1699.19
1587.38
2065.33
1337.52
633.23
1673.70
1416.56
1762.38
1319.97
877.94
1458.02
1321.94
606.89
1832.12
1215.73
1210.77
1250.15
1494.36
1135.28
1679.88
2315.82
1855.43
646.74
1013.84
1182.33
1310.44
1473.46
1446.10
1732.23
1050.00
1663.77
2189.64
1748.19
1608.48
1583.51
1883.98
1314.92
1228.35
1560.19
1219.00
1040.45
1483.30
747.90
1647.19
895.91
1473.39
1257.77
993.62
1360.98
758.30
942.57
1951.61
1058.51
2291.41
1648.22
1522.00
1369.55
1639.57
2131.89
997.83
1727.37
1013.30
1328.34
817.14
1532.61
1500.04
1869.58
1956.75
1600.88
911.24
1151.07
1752.12
2069.82
978.92
1732.90
1508.31
781.97
1887.13
1785.04
1969.96
1565.85
1817.40
1301.73
1643.38
358.62
1239.32
1156.77
1071.69
954.51
1993.10
1318.27
1447.80
1446.31
1290.70
1030.57
147.41
925.35
1711.81
1690.18
1906.39
1778.99
1833.74
1876.41
852.56
1500.19
1137.43
1635.79
1332.69
975.12
1227.96
1917.87
1552.49
807.43
1339.80
1619.05
1618.83
1851.39
1623.31
1787.61
1915.29
1678.79
1504.92
1910.55
1136.92
1384.36
610.82
1092.82
515.85
1794.51
1564.28
1783.67
1236.55
1692.78
1000.71
1010.22
639.06
1994.33
1965.25
1056.13
1824.07
1179.90
1021.03
1668.17
1215.87
1659.69
873.05
1705.86
1035.34
1268.36
761.24
1955.28
2061.44
1676.72
1718.50
929.54
2100.65
1297.81
1006.54
1610.57
868.38
993.89
1612.23
1066.46
878.07
1261.12
2051.68
1608.40
816.56
1548.97
1226.20
2033.62
865.79
1957.38
1923.55
795.80
1225.75
1486.47
257.09
1464.09
1691.83
1394.84
1480.13
1505.94
1322.39
1945.06
2040.72
811.23
1512.76
729.04
1286.25
1316.14
1521.66
1891.00
2024.41
1706.76
1376.86
1106.01
1945.27
1329.48
1714.92
1001.85
1595.91
1015.36
1581.66
476.76
697.92
1126.86
1410.56
2049.46
733.17
1474.16
1892.89
991.90
1639.59
384.66
999.55
1542.48
906.09
819.07
958.51
1607.60
1668.40
2212.09
1489.24
1861.29
1000.01
1435.10
1762.54
1481.71
1158.23
2088.30
799.23
1358.64
1266.35
895.84
2272.23
1659.68
1445.39
1285.61
1223.93
1182.00
1061.79
1060.79
1913.55
1701.17
1655.40
1340.31
2018.08
1900.88
1661.20
296.53
1376.11
1647.62
1349.53
834.76
1563.41
1363.77
1169.58
1065.22
2122.93
1553.27
1411.53
1628.96
1959.90
1811.81
1005.93
1870.02
1260.64
1240.31
368.41
1655.79
1812.29
1209.40
1400.01
1928.90
984.68
732.92
784.11
1816.18
905.08
